121 101.001
241 82.5254
361 79.9935
481 79.9924
601 79.9907
721 79.9876
841 79.9806
961 79.9451
1081 65.8685
1201 74.1668
1321 63.5003
1441 82.1209
1561 79.9552
1681 67.0866
1801 84.5736
1921 79.9961
2041 79.9959
2161 79.9957
2281 79.9954
2401 79.9951
2521 79.9948
2641 79.9944
2761 79.994
2881 79.9934
3001 79.9926
3121 79.9917
3241 79.9903
3361 79.9881
3481 79.9841
3601 79.9736
3721 79.3023
3841 89.1801
3961 61.2093
4081 86.8413
4201 70.4974
4321 90.7102
4441 79.9743
4561 79.9255
4681 63.4884
4801 79.8278
4921 81.7304
5041 73.1077
5161 84.4679
5281 52.2703
5401 59.9772
5521 59.9693
5641 59.9499
5761 59.7928
5881 81.8884
6001 77.6002
6121 48.9387
6241 45.3774
6361 42.6645
6481 25.372
6601 38.5419
6721 41.2415
6841 20.6852
6961 43.2608
7081 39.8131
7201 57.2295
7321 49.1233
7441 52.5318
7561 34.7334
7681 29.5122
7801 36.6573
7921 25.2507
8041 44.3135
8161 28.1386
8281 36.759
8401 31.1601
8521 29.3053
8641 30.5758
8761 29.6739
8881 37.8785
9001 30.7047
9121 23.1778
9241 29.1897
9361 25.4456
9481 27.7592
9601 22.6408
9721 26.8609
9841 27.3333
9961 22.3969
10081 24.8028
10201 20.7789
10321 22.8186
10441 22.7231
10561 21.3991
10681 21.0105
10801 20.6851
10921 21.1622
11041 20.6772
11161 20.7716
11281 20.8256
11401 20.7237
11521 20.6905
11641 20.8266
11761 20.8039
11881 20.8843
12001 21.233
12121 21.4423
12241 21.5283
12361 21.4553
12481 21.4478
12601 21.4435
12721 21.4387
12841 21.4339
12961 21.4291
13081 21.4243
13201 21.4194
13321 21.4145
13441 21.4096
13561 21.4047
13681 21.3998
13801 21.3949
13921 21.3899
14041 21.3849
14161 21.3798
14281 21.3746
14401 21.3694
14521 21.3641
14641 21.3586
14761 21.3531
14881 21.3474
15001 21.3415
15121 21.3355
15241 21.3292
15361 21.3228
15481 21.3162
15601 21.3095
15721 21.3025
15841 21.2954
15961 21.2881
16081 21.2806
16201 21.273
16321 21.2652
16441 21.2573
16561 21.2492
16681 21.2409
16801 21.2326
16921 21.2242
17041 21.2157
17161 21.2072
17281 21.1989
17401 21.1906
17521 21.1826
17641 21.1749
17761 21.1676
17881 21.1606
18001 21.1541
18121 21.1481
18241 21.1427
18361 21.1379
18481 21.1339
18601 21.1306
18721 21.1281
18841 21.1261
18961 21.1247
19081 21.1234
19201 21.1236
19321 21.1168
19441 21.1587
19561 20.3733
19681 21.1369
19801 21.1353
19921 21.1338
20041 21.1323
20161 21.1307
20281 21.1291
20401 21.1275
20521 21.1259
20641 21.1242
20761 21.1226
20881 21.1209
21001 21.1193
21121 21.1177
21241 21.116
21361 21.1144
21481 21.1128
21601 21.1112
21721 21.1097
21841 21.1082
21961 21.1067
22081 21.1053
22201 21.1039
22321 21.1025
22441 21.1012
22561 21.1
22681 21.0987
22801 21.0976
22921 21.0965
23041 21.0954
23161 21.0944
23281 21.0934
23401 21.0925
23521 21.0916
23641 21.0908
23761 21.09
23881 21.0893
24001 21.0887
24121 21.088
24241 21.0875
24361 21.087
24481 21.0865
24601 21.0861
24721 21.0857
24841 21.0853
24961 21.085
25081 21.0847
25201 21.0845
25321 21.0843
25441 21.0841
25561 21.0838
25681 21.0836
25801 21.0833
25921 21.0828
26041 21.0822
26161 21.0812
26281 21.0793
26401 21.0757
26521 21.0664
26641 21.0176
26761 28.19
26881 24.1543
27001 21.3777
27121 21.091
27241 21.092
27361 21.0927
27481 21.0935
27601 21.0942
27721 21.095
27841 21.0958
27961 21.0967
28081 21.0975
28201 21.0984
28321 21.0993
28441 21.1003
28561 21.1012
28681 21.1022
28801 21.1032
28921 21.1042
29041 21.1051
29161 21.1061
29281 21.1071
29401 21.108
29521 21.1089
29641 21.1098
29761 21.1106
29881 21.1114
30001 21.112
30121 21.1126
30241 21.1132
30361 21.1138
30481 21.1146
30601 21.1161
30721 21.1182
30841 21.121
30961 21.1244
31081 21.1273
31201 21.1359
31321 21.1013
31441 21.345
31561 20.9288
31681 21.0653
31801 33.7937
31921 21.4079
32041 21.1301
32161 21.2727
32281 20.9456
32401 28.7078
32521 23.1207
32641 21.2368
32761 21.2052
32881 21.2111
33001 21.2172
33121 21.2222
33241 21.227
33361 21.2318
33481 21.2365
33601 21.2411
33721 21.2455
33841 21.2497
33961 21.2537
34081 21.2574
34201 21.2608
34321 21.2639
34441 21.2666
34561 21.2689
34681 21.2708
34801 21.2723
34921 21.2734
35041 21.2739
35161 21.274
35281 21.2737
35401 21.2731
35521 21.273
35641 21.2736
35761 21.2743
35881 21.2765
36001 21.2717
36121 21.3154
36241 20.4677
36361 21.304
36481 21.3038
36601 21.3034
36721 21.3029
36841 21.3024
36961 21.3018
37081 21.3012
37201 21.3005
37321 21.2999
37441 21.2992
37561 21.2986
37681 21.298
37801 21.2975
37921 21.297
38041 21.2966
38161 21.2963
38281 21.2961
38401 21.2959
38521 21.2959
38641 21.2959
38761 21.2961
38881 21.2963
39001 21.2967
39121 21.2972
39241 21.2977
39361 21.2984
39481 21.2992
39601 21.3001
39721 21.301
39841 21.3021
39961 21.3032
40081 21.3044
40201 21.3056
40321 21.3068
40441 21.3081
40561 21.3093
40681 21.3105
40801 21.3114
40921 21.3118
41041 21.3113
41161 21.3085
41281 21.2969
41401 40.2038
41521 22.2349
41641 21.2741
41761 21.5142
41881 21.3047
42001 21.4048
42121 21.2553
42241 21.5519
42361 21.3213
42481 21.4059
42601 21.2632
42721 21.5711
42841 21.3317
42961 21.4233
43081 21.2743
43201 21.5873
43321 21.3433
43441 21.4336
43561 21.2848
43681 21.6058
43801 21.355
43921 21.4493
44041 21.2971
44161 21.6231
44281 21.3678
44401 21.4643
44521 21.3103
44641 21.6426
44761 21.3819
44881 21.482
45001 21.3256
45121 21.6624
45241 21.3977
45361 21.5016
45481 21.3429
45601 21.684
45721 21.4156
45841 21.5239
45961 21.3628
46081 21.7066
46201 21.4356
46321 21.5487
46441 21.3854
46561 21.7304
46681 21.4577
46801 21.5761
46921 21.4102
47041 21.7546
47161 21.4813
47281 21.6052
47401 21.4365
47521 21.7783
47641 21.5054
47761 21.635
47881 21.4634
48001 21.8006
48121 21.5291
48241 21.6645
48361 21.4896
48481 21.8205
48601 21.5512
48721 21.6923
48841 21.5138
48961 21.8372
49081 21.5705
49201 21.717
49321 21.5347
49441 21.8497
49561 21.5856
49681 21.7375
49801 21.5512
49921 21.8573
50041 21.596
50161 21.7536
50281 21.5634
50401 21.8609
50521 21.603
50641 21.7671
50761 21.5736
50881 21.8633
51001 21.6097
51121 21.7817
51241 21.5858
51361 21.8688
51481 21.6204
51601 21.8016
51721 21.6037
51841 21.8806
51961 21.6377
52081 21.8286
52201 21.6286
52321 21.8996
52441 21.6618
52561 21.8631
52681 21.6603
52801 21.9256
52921 21.6924
53041 21.9042
53161 21.698
53281 21.9583
53401 21.7286
53521 21.951
53641 21.7405
53761 21.9966
53881 21.769
54001 22.0011
54121 21.7852
54241 22.0383
54361 21.8106
54481 22.0506
54601 21.8282
54721 22.0796
54841 21.8492
54961 22.0949
55081 21.865
55201 22.1158
55321 21.8803
55441 22.1295
55561 21.8917
55681 22.1432
55801 21.901
55921 22.153
56041 21.9074
56161 22.1612
56281 21.9117
56401 22.1673
56521 21.914
56641 22.1718
56761 21.9146
56881 22.1749
57001 21.9136
57121 22.1767
57241 21.9111
57361 22.1774
57481 21.907
57601 22.1769
57721 21.9013
57841 22.1755
57961 21.8942
58081 22.174
58201 21.8875
58321 22.1757
58441 21.885
58561 22.1839
58681 21.8868
58801 22.1973
58921 21.8911
59041 22.2154
59161 21.8971
59281 22.2385
59401 21.9009
59521 22.2593
59641 21.8899
59761 22.3274
59881 22.5695
60001 22.545
60121 22.1508
60241 22.5713
60361 22.1608
60481 22.5798
60601 22.1545
60721 22.5709
60841 22.1182
60961 22.4813
61081 21.677
61201 22.8624
61321 21.4373
61441 22.088
61561 21.6409
61681 22.1454
61801 22.0623
61921 23.1747
62041 21.4457
62161 22.1209
62281 21.6448
62401 22.8822
62521 21.5054
62641 22.3768
62761 21.8421
62881 22.3262
63001 21.8421
63121 22.3375
63241 21.8434
63361 22.341
63481 21.8403
63601 22.367
63721 21.8464
63841 22.3537
63961 21.8372
64081 22.4168
64201 21.8657
64321 22.3043
64441 21.8293
64561 22.5111
64681 21.921
64801 22.1639
64921 21.8726
65041 22.3454
65161 21.8949
65281 22.5856
65401 22.5503
65521 22.0582
65641 22.684
65761 22.2432
65881 21.8482
66001 22.5123
66121 22.558
66241 22.4917
66361 21.8493
66481 23.0028
66601 21.7314
66721 22.5267
66841 22.1972
66961 21.9854
67081 21.8105
67201 23.2148
67321 22.6963
67441 23.1818
67561 22.6921
67681 23.1378
67801 22.6732
67921 22.8177
68041 21.7413
68161 22.6459
68281 21.9866
68401 23.0916
68521 21.9415
68641 22.0017
68761 22.5152
68881 23.012
69001 22.5614
69121 23.2655
69241 23.3353
69361 22.7804
69481 21.9022
69601 22.7761
69721 21.8921
69841 22.766
69961 21.8834
70081 22.7568
70201 21.8723
70321 22.7466
70441 21.8629
70561 22.7306
70681 21.8708
70801 22.6928
70921 21.8652
71041 22.7849
71161 20.813
71281 22.68
71401 21.9173
71521 22.668
71641 21.9111
71761 22.6477
71881 21.8981
72001 22.6153
72121 21.8686
72241 22.5319
72361 37.0787
72481 22.0898
72601 21.9203
72721 22.457
72841 22.3689
72961 21.8283
73081 22.3323
73201 21.8666
73321 22.177
73441 35.8425
73561 22.5063
73681 23.5416
73801 23.127
73921 21.7494
74041 22.2421
74161 21.7129
74281 22.2026
74401 21.7132
74521 22.1535
74641 21.7257
74761 22.1023
74881 21.7496
75001 22.0657
75121 21.7905
75241 22.0338
75361 21.8594
75481 22.0278
75601 21.898
75721 21.1231
75841 21.9721
75961 21.9191
76081 36.8118
76201 20.8001
76321 29.8866
76441 20.2404
76561 21.9206
76681 21.8962
76801 39.2731
76921 22.3257
77041 25.7009
77161 22.134
77281 22.0464
77401 21.6981
77521 22.5952
77641 21.9049
77761 21.9333
77881 21.7595
78001 22.0267
78121 21.6008
78241 23.7924
78361 22.1967
78481 21.8632
78601 21.8053
78721 21.8739
78841 21.7797
78961 21.8845
79081 21.8035
79201 21.8522
79321 21.8145
79441 21.8249
79561 21.8015
79681 21.8982
79801 21.681
79921 22.7347
80041 21.2998
80161 21.8255
80281 21.8315
80401 21.84
80521 21.8282
80641 21.8739
80761 21.8736
80881 21.8718
81001 21.8655
81121 21.8475
81241 38.6146
81361 20.9078
81481 28.5328
81601 20.7941
81721 28.2526
81841 20.2942
81961 21.8742
82081 21.8614
82201 21.9055
82321 21.9079
82441 21.9104
82561 21.9129
82681 21.9152
82801 21.9172
82921 21.9178
83041 21.9142
83161 21.8961
83281 37.3057
83401 20.4076
83521 21.9194
83641 39.14
83761 21.3089
83881 28.0353
84001 22.181
84121 20.8397
84241 26.8267
84361 28.594
84481 19.7868
84601 21.981
84721 22.133
84841 22.0399
84961 22.0451
85081 22.05
85201 22.0548
85321 22.0595
85441 22.064
85561 22.0684
85681 22.0727
85801 22.077
85921 22.0811
86041 22.0852
86161 22.0893
86281 22.0933
86401 22.0973
86521 22.1012
86641 22.1052
86761 22.1091
86881 22.113
87001 22.1168
87121 22.1207
87241 22.1246
87361 22.1285
87481 22.1324
87601 22.1363
87721 22.1403
87841 22.1442
87961 22.1482
88081 22.1522
88201 22.1562
88321 22.1603
88441 22.1644
88561 22.1685
88681 22.1727
88801 22.1769
88921 22.1811
89041 22.1854
89161 22.1897
89281 22.1941
89401 22.1985
89521 22.203
89641 22.2075
89761 22.2121
89881 22.2166
90001 22.2212
90121 22.2258
90241 22.2303
90361 22.2346
90481 22.2388
90601 22.2423
90721 22.2453
90841 22.243
90961 22.2358
91081 37.955
91201 19.5847
91321 22.1588
91441 22.4881
91561 22.0323
91681 22.4792
91801 22.0422
91921 22.4652
92041 22.1159
92161 22.3871
92281 22.417
92401 22.4485
92521 22.1737
92641 22.346
92761 22.3412
92881 22.341
93001 22.3394
93121 22.3366
93241 22.3394
93361 22.3063
93481 33.7391
93601 19.8833
93721 22.403
93841 22.3966
93961 22.395
94081 22.4089
94201 22.4583
94321 22.4074
94441 22.493
94561 21.9529
94681 22.5089
94801 21.9584
94921 22.5336
95041 21.8178
95161 22.5148
95281 21.8267
95401 22.5145
95521 21.7798
95641 22.533
95761 21.7157
95881 22.5656
96001 21.7269
96121 22.5562
96241 21.6945
96361 22.5339
96481 21.6373
96601 22.5425
96721 21.6723
96841 22.4962
96961 21.6118
97081 22.4435
97201 21.8372
97321 22.4752
97441 21.6451
97561 22.5239
97681 21.6331
97801 22.4913
97921 21.6808
98041 22.4387
98161 21.6538
98281 22.5025
98401 21.5906
98521 22.2812
98641 22.4967
98761 21.5801
98881 22.266
99001 22.4554
99121 21.7479
99241 22.4853
99361 21.6222
99481 22.3014
99601 22.4415
99721 21.5837
99841 22.21
99961 21.9195
100081 22.4385
100201 21.5192
100321 33.553
100441 19.0247
100561 22.4603
100681 21.5431
100801 22.2452
100921 22.1502
101041 21.8231
101161 22.1941
101281 21.8429
101401 22.1698
101521 37.7427
101641 19.5106
101761 22.4519
101881 21.6437
102001 22.1967
102121 21.8198
102241 22.1562
102361 21.7878
102481 22.1444
102601 21.7824
102721 22.132
102841 21.7707
102961 22.0975
103081 35.6701
103201 20.6583
103321 24.2848
103441 22.1101
103561 21.7502
103681 38.3548
103801 20.0087
103921 24.2363
104041 32.4886
104161 20.7843
104281 35.0605
104401 20.4141
104521 30.2443
104641 20.2793
104761 24.2295
104881 22.1055
105001 21.7671
105121 22.0971
105241 21.7524
105361 22.0697
105481 21.7165
105601 22.24
105721 21.772
105841 22.1015
105961 21.7707
106081 22.0971
106201 21.7697
106321 22.0919
106441 21.7691
106561 22.086
106681 21.7689
106801 22.0794
106921 21.7694
107041 22.0722
107161 21.7704
107281 22.0648
107401 21.772
107521 22.058
107641 21.7737
107761 22.0526
107881 21.7748
108001 22.0497
108121 21.7739
108241 22.0504
108361 21.7703
108481 22.0551
108601 21.7638
108721 22.0643
108841 21.7555
108961 22.0755
109081 21.7474
109201 22.0793
109321 21.7432
109441 22.0615
109561 21.7493
109681 22.0101
109801 21.8077
109921 21.9605
110041 21.9893
110161 21.8491
110281 22.0247
110401 21.7669
110521 22.008
110641 21.7865
110761 21.9803
110881 21.8467
111001 22.0343
111121 21.7454
111241 22.0956
111361 21.715
111481 22.126
111601 21.7102
111721 22.0769
111841 21.7131
111961 22.0081
112081 21.7767
112201 21.8971
112321 22.0566
112441 21.713
112561 21.9911
112681 21.7999
112801 21.8899
112921 22.0162
113041 21.736
113161 21.9446
113281 21.9446
113401 21.9357
113521 21.9589
113641 21.8569
113761 21.9479
113881 21.8773
114001 21.9783
114121 21.7647
114241 21.9262
114361 21.9188
114481 21.9297
114601 21.8872
114721 21.959
114841 21.7761
114961 21.9218
115081 21.8725
115201 21.9389
115321 21.795
115441 21.9103
115561 21.8468
115681 21.9059
115801 21.7738
115921 38.69
116041 20.5339
116161 31.2401
116281 19.9383
116401 24.8764
116521 38.389
116641 20.5075
116761 25.3572
116881 38.143
117001 19.6404
117121 21.8712
117241 21.8337
117361 21.8542
117481 21.8257
117601 21.8177
117721 39.202
117841 20.7374
117961 30.9767
118081 17.7985
118201 39.1032
118321 19.1
118441 21.8241
118561 21.8206
118681 21.8171
118801 21.8136
118921 21.81
119041 21.8064
119161 21.8027
119281 21.7987
119401 21.7942
119521 21.7886
119641 21.7802
119761 21.7639
119881 21.8976
120001 21.7908
120121 21.7886
120241 21.7864
120361 21.7841
120481 21.7817
120601 21.7793
120721 21.7767
120841 21.774
120961 21.7712
121081 21.7682
121201 21.7652
121321 21.762
121441 21.7586
121561 21.7552
121681 21.7515
121801 21.7477
121921 21.7438
122041 21.7396
122161 21.7353
122281 21.7308
122401 21.726
122521 21.721
122641 21.7157
122761 21.7102
122881 21.7043
123001 21.6981
123121 21.6915
123241 21.6845
123361 21.677
123481 21.6689
123601 21.6602
123721 21.6508
123841 21.6405
123961 21.6292
124081 21.6165
124201 21.6022
124321 21.5856
124441 21.5659
124561 21.5423
124681 21.515
124801 21.4891
124921 21.4744
125041 21.4669
125161 21.459
125281 21.4526
125401 21.4461
125521 21.4402
125641 21.4342
125761 21.4286
125881 21.4228
126001 21.4172
126121 21.4114
126241 21.4056
126361 21.3997
126481 21.3937
126601 21.3875
126721 21.3811
126841 21.3741
126961 21.3663
127081 21.3561
127201 21.3388
127321 21.298
127441 21.2239
127561 21.1981
127681 21.2011
127801 21.2003
127921 21.1996
128041 21.1989
128161 21.1982
128281 21.1972
128401 21.1958
128521 21.1937
128641 21.1895
128761 21.1794
128881 21.182
129001 21.1893
129121 21.1756
129241 21.5291
129361 21.2097
129481 21.2111
129601 21.2125
129721 21.2142
129841 21.2159
129961 21.2178
130081 21.2199
130201 21.2221
130321 21.2245
130441 21.2271
130561 21.2299
130681 21.2328
130801 21.236
130921 21.2395
131041 21.2432
131161 21.2472
131281 21.2516
131401 21.2564
131521 21.2617
131641 21.2677
131761 21.2746
131881 21.2828
132001 21.2928
132121 21.3058
132241 21.3238
132361 21.3507
132481 21.3903
132601 21.4356
132721 21.4569
132841 21.4531
132961 21.4532
133081 21.4521
133201 21.4513
133321 21.4503
133441 21.4493
133561 21.4483
133681 21.4472
133801 21.4461
133921 21.4449
134041 21.4437
134161 21.4423
134281 21.441
134401 21.4395
134521 21.438
134641 21.4365
134761 21.4348
134881 21.4331
135001 21.4313
135121 21.4294
135241 21.4274
135361 21.4253
135481 21.4231
135601 21.4209
135721 21.4185
135841 21.416
135961 21.4134
136081 21.4107
136201 21.4079
136321 21.405
136441 21.402
136561 21.3989
136681 21.3958
136801 21.3926
136921 21.3893
137041 21.386
137161 21.3827
137281 21.3795
137401 21.3763
137521 21.3732
137641 21.3702
137761 21.3674
137881 21.3647
138001 21.3622
138121 21.3598
138241 21.3576
138361 21.3556
138481 21.3538
138601 21.3521
138721 21.3505
138841 21.3491
138961 21.3478
139081 21.3467
139201 21.3456
139321 21.3447
139441 21.3438
139561 21.343
139681 21.3423
139801 21.3417
139921 21.3411
140041 21.3406
140161 21.3401
140281 21.3397
140401 21.3394
140521 21.3391
140641 21.3388
140761 21.3385
140881 21.3382
141001 21.3379
141121 21.3376
141241 21.3373
141361 21.3368
141481 21.3361
141601 21.3351
141721 21.3335
141841 21.3304
141961 21.3235
142081 21.3038
142201 38.6109
142321 19.6395
142441 23.0698
142561 21.3114
142681 21.7925
142801 21.3485
142921 21.3494
143041 21.3504
143161 21.3515
143281 21.3526
143401 21.3538
143521 21.355
143641 21.3564
143761 21.3578
143881 21.3593
144001 21.3609
144121 21.3626
144241 21.3644
144361 21.3664
144481 21.3684
144601 21.3706
144721 21.373
144841 21.3754
144961 21.3781
145081 21.381
145201 21.384
145321 21.3873
145441 21.3909
145561 21.3947
145681 21.3989
145801 21.4036
145921 21.4086
146041 21.4143
146161 21.4208
146281 21.4281
146401 21.4368
146521 21.4473
146641 21.4606
146761 21.479
146881 21.5082
147001 21.5685
147121 21.786
147241 22.2206
147361 21.3833
147481 21.5451
147601 21.7188
147721 21.9429
147841 21.3927
147961 21.5422
148081 21.6651
148201 21.7527
148321 21.5228
148441 21.6084
148561 21.8697
148681 22.3729
148801 21.331
148921 21.8656
149041 21.8794
149161 22.2253
149281 21.3943
149401 21.5662
149521 21.6908
149641 21.7558
149761 21.8344
149881 21.8602
150001 21.7325
150121 21.5288
150241 21.5278
150361 21.5362
150481 21.5528
150601 21.5798
150721 21.627
150841 21.7147
150961 21.7278
151081 21.5814
151201 21.6197
151321 21.6644
151441 21.6983
151561 21.6925
151681 21.6739
151801 21.6621
151921 21.6523
152041 21.6465
152161 21.6444
152281 21.6453
152401 21.6484
152521 21.6539
152641 21.6632
152761 21.683
152881 21.7909
153001 22.2491
153121 21.57
153241 21.7567
153361 22.0332
153481 21.4112
153601 21.8999
153721 21.372
153841 21.8871
153961 21.4737
154081 21.9519
154201 21.3654
154321 21.8517
154441 21.7081
154561 21.874
154681 21.4922
154801 21.8923
154921 21.3465
155041 21.7138
155161 21.9024
155281 21.4434
155401 21.9558
155521 21.4987
155641 21.9094
155761 21.3952
155881 21.8388
156001 21.5903
156121 21.7931
156241 21.9352
156361 21.4809
156481 21.882
156601 21.4279
156721 21.8188
156841 21.6772
156961 21.8405
157081 21.5055
157201 21.8281
157321 21.5529
157441 21.8682
157561 21.4186
157681 21.7478
157801 21.86
157921 21.4171
158041 21.7208
158161 21.8462
158281 21.426
158401 21.7005
158521 21.8258
158641 21.4638
158761 21.6889
158881 21.8084
159001 21.5113
159121 21.6931
159241 21.7901
159361 21.5735
159481 21.7261
159601 21.7539
159721 21.6908
159841 21.7493
159961 21.6689
160081 21.7266
160201 21.6845
160321 21.7007
160441 21.681
160561 21.6735
160681 21.6601
160801 21.6446
160921 21.6255
161041 21.6013
161161 21.5701
161281 21.5314
161401 21.4914
161521 21.4717
161641 21.4728
161761 21.4755
161881 21.4786
162001 21.4819
162121 21.4856
162241 21.4894
162361 21.4934
162481 21.4973
162601 21.501
162721 21.5042
162841 21.5067
162961 21.5083
163081 21.5088
163201 21.5082
163321 21.5064
163441 21.5038
163561 21.5003
163681 21.4964
163801 21.4923
163921 21.4882
164041 21.4842
164161 21.4804
164281 21.4768
164401 21.4733
164521 21.4701
164641 21.4669
164761 21.4638
164881 21.4607
165001 21.4576
165121 21.4544
165241 21.4513
165361 21.4481
165481 21.4449
165601 21.4417
165721 21.4384
165841 21.435
165961 21.4316
166081 21.4282
166201 21.4247
166321 21.4211
166441 21.4175
166561 21.4138
166681 21.41
166801 21.4061
166921 21.4021
167041 21.398
167161 21.3938
167281 21.3894
167401 21.3849
167521 21.3802
167641 21.3752
167761 21.37
167881 21.3645
168001 21.3587
168121 21.3525
168241 21.3459
168361 21.3387
168481 21.3311
168601 21.3229
168721 21.3141
168841 21.3048
168961 21.2952
169081 21.2855
169201 21.2762
169321 21.2679
169441 21.2612
169561 21.2543
169681 21.2439
169801 21.2323
169921 21.2176
170041 21.195
170161 21.1587
170281 21.1274
170401 21.127
170521 21.1299
170641 21.1311
170761 21.1319
170881 21.1328
171001 21.1337
171121 21.1346
171241 21.1355
171361 21.1363
171481 21.1372
171601 21.1381
171721 21.139
171841 21.1399
171961 21.1408
172081 21.1416
172201 21.1425
172321 21.1434
172441 21.1443
172561 21.1452
172681 21.146
172801 21.1469
172921 21.1478
173041 21.1486
173161 21.1495
173281 21.1504
173401 21.1512
173521 21.1521
173641 21.153
173761 21.1538
173881 21.1547
174001 21.1555
174121 21.1564
174241 21.1572
174361 21.158
174481 21.1589
174601 21.1597
174721 21.1606
174841 21.1614
174961 21.1622
175081 21.163
175201 21.1638
175321 21.1647
175441 21.1655
175561 21.1663
175681 21.1671
175801 21.1679
175921 21.1687
176041 21.1694
176161 21.1702
176281 21.171
176401 21.1718
176521 21.1725
176641 21.1733
176761 21.1741
176881 21.1748
177001 21.1756
177121 21.1763
177241 21.177
177361 21.1778
177481 21.1785
177601 21.1792
177721 21.1799
177841 21.1806
177961 21.1813
178081 21.182
178201 21.1827
178321 21.1834
178441 21.184
178561 21.1847
178681 21.1854
178801 21.186
178921 21.1866
179041 21.1873
179161 21.1879
179281 21.1885
179401 21.1891
179521 21.1897
179641 21.1903
179761 21.1909
179881 21.1914
180001 21.192
180121 21.1925
180241 21.1931
180361 21.1936
180481 21.1941
180601 21.1946
180721 21.1951
180841 21.1956
180961 21.1961
181081 21.1965
181201 21.197
181321 21.1974
181441 21.1978
181561 21.1982
181681 21.1986
181801 21.199
181921 21.1994
182041 21.1997
182161 21.2
182281 21.2004
182401 21.2007
182521 21.2009
182641 21.2012
182761 21.2014
182881 21.2017
183001 21.2019
183121 21.2022
183241 21.2022
183361 21.2026
183481 21.2025
183601 21.2029
183721 21.2026
183841 21.2032
183961 21.2026
184081 21.2035
184201 21.2024
184321 21.2039
184441 21.202
184561 21.2043
184681 21.2012
184801 21.2048
184921 21.2002
185041 21.2054
185161 21.1988
185281 21.2061
185401 21.197
185521 21.2069
185641 21.195
185761 21.2075
185881 21.1928
186001 21.2079
186121 21.1907
186241 21.2079
186361 21.1889
186481 21.2072
186601 21.1877
186721 21.206
186841 21.187
186961 21.2041
187081 21.1868
187201 21.2018
187321 21.1869
187441 21.199
187561 21.1871
187681 21.1961
187801 21.187
187921 21.193
188041 21.1865
188161 21.1899
188281 21.1855
188401 21.187
188521 21.184
188641 21.184
188761 21.1819
188881 21.1811
189001 21.1794
189121 21.1782
189241 21.1765
189361 21.175
189481 21.1733
189601 21.1716
189721 21.1697
189841 21.1678
189961 21.1657
190081 21.1635
190201 21.1612
190321 21.1588
190441 21.1561
190561 21.1533
190681 21.1502
190801 21.1468
190921 21.143
191041 21.1386
191161 21.1337
191281 21.1277
191401 21.1203
191521 21.1104
191641 21.0962
191761 21.074
191881 21.0388
192001 21.0032
192121 20.9995
192241 21.0055
192361 20.9995
192481 21.0083
192601 20.9996
192721 21.01
192841 20.9997
192961 21.01
193081 20.9999
193201 21.0095
193321 21
193441 21.0089
193561 21.0003
193681 21.0084
193801 21.0005
193921 21.0079
194041 21.0008
194161 21.0074
194281 21.0012
194401 21.0069
194521 21.0017
194641 21.0065
194761 21.0022
194881 21.0061
195001 21.0028
195121 21.0058
195241 21.0033
195361 21.0057
195481 21.004
195601 21.0056
195721 21.0045
195841 21.0056
195961 21.0051
196081 21.0058
196201 21.0055
196321 21.006
196441 21.006
196561 21.0063
196681 21.0064
196801 21.0066
196921 21.0067
197041 21.0069
197161 21.0071
197281 21.0072
197401 21.0074
197521 21.0076
197641 21.0078
197761 21.0079
197881 21.0081
198001 21.0083
198121 21.0084
198241 21.0086
198361 21.0088
198481 21.0089
198601 21.0091
198721 21.0093
198841 21.0094
198961 21.0096
199081 21.0098
199201 21.0099
199321 21.0101
199441 21.0102
199561 21.0104
199681 21.0105
199801 21.0107
199921 21.0109
200041 21.011
200161 21.0111
200281 21.0113
200401 21.0114
200521 21.0116
200641 21.0117
200761 21.0119
200881 21.012
201001 21.0121
201121 21.0123
201241 21.0124
201361 21.0125
201481 21.0126
201601 21.0128
201721 21.0129
201841 21.013
201961 21.0131
202081 21.0132
202201 21.0133
202321 21.0134
202441 21.0135
202561 21.0136
202681 21.0137
202801 21.0138
202921 21.0139
203041 21.014
203161 21.014
203281 21.0141
203401 21.0142
203521 21.0143
203641 21.0143
203761 21.0144
203881 21.0144
204001 21.0145
204121 21.0146
204241 21.0146
204361 21.0147
204481 21.0147
204601 21.0147
204721 21.0148
204841 21.0148
204961 21.0148
205081 21.0149
205201 21.0149
205321 21.0149
205441 21.0149
205561 21.015
205681 21.015
205801 21.015
205921 21.015
206041 21.015
206161 21.015
206281 21.015
206401 21.015
206521 21.015
206641 21.015
206761 21.015
206881 21.015
207001 21.015
207121 21.015
207241 21.015
207361 21.015
207481 21.015
207601 21.015
207721 21.015
207841 21.015
207961 21.0149
208081 21.0149
208201 21.0149
208321 21.0149
208441 21.0149
208561 21.0149
208681 21.0148
208801 21.0148
208921 21.0148
209041 21.0148
209161 21.0147
209281 21.0147
209401 21.0147
209521 21.0147
209641 21.0146
209761 21.0146
209881 21.0146
210001 21.0146
210121 21.0145
210241 21.0145
210361 21.0145
210481 21.0145
210601 21.0144
210721 21.0144
210841 21.0144
210961 21.0143
211081 21.0143
211201 21.0143
211321 21.0142
211441 21.0142
211561 21.0142
211681 21.0142
211801 21.0141
211921 21.0141
212041 21.0141
212161 21.014
212281 21.014
212401 21.014
212521 21.0139
212641 21.0139
212761 21.0139
212881 21.0138
213001 21.0138
213121 21.0138
213241 21.0137
213361 21.0137
213481 21.0137
213601 21.0136
213721 21.0136
213841 21.0136
213961 21.0135
214081 21.0135
214201 21.0134
214321 21.0134
214441 21.0134
214561 21.0133
214681 21.0133
214801 21.0133
214921 21.0132
215041 21.0132
215161 21.0131
215281 21.0131
215401 21.013
215521 21.013
215641 21.013
215761 21.0129
215881 21.0129
216001 21.0128
216121 21.0128
216241 21.0127
216361 21.0127
216481 21.0126
216601 21.0126
216721 21.0125
216841 21.0124
216961 21.0124
217081 21.0123
217201 21.0123
217321 21.0122
217441 21.0121
217561 21.012
217681 21.012
217801 21.0119
217921 21.0118
218041 21.0117
218161 21.0116
218281 21.0115
218401 21.0113
218521 21.0112
218641 21.011
218761 21.0109
218881 21.0107
219001 21.0104
219121 21.0102
219241 21.0099
219361 21.0095
219481 21.009
219601 21.0085
219721 21.0078
219841 21.0068
219961 21.0054
220081 21.0032
220201 20.9995
220321 20.9914
220441 20.9671
220561 26.6396
220681 20.9877
220801 20.9591
220921 38.8404
221041 17.0167
221161 26.8259
221281 22.7637
221401 39.0691
221521 17.0243
221641 28.6468
221761 19.9159
221881 23.4022
222001 17.7881
222121 24.8801
222241 21.01
222361 21.0097
222481 21.0094
222601 21.0091
222721 21.0087
222841 21.0082
222961 21.0076
223081 21.0068
223201 21.0057
223321 21.004
223441 21.0014
223561 20.9966
223681 20.985
223801 20.9396
223921 29.8812
224041 17.5327
224161 24.2372
224281 21.0053
224401 21.0036
224521 21.0008
224641 20.9956
224761 20.9827
224881 20.9372
225001 34.8853
225121 17.7694
225241 29.1896
225361 21.0102
225481 21.01
225601 21.0099
225721 21.0097
225841 21.0095
225961 21.0093
226081 21.0091
226201 21.0088
226321 21.0085
226441 21.008
226561 21.0075
226681 21.0069
226801 21.006
226921 21.0048
227041 21.003
227161 21
227281 20.9944
227401 20.9796
227521 20.9075
227641 29.7737
227761 17.6145
227881 22.8755
228001 21.0064
228121 21.0055
228241 21.0041
228361 21.002
228481 20.9985
228601 20.9914
228721 20.9697
228841 22.8941
228961 21.0081
229081 21.0077
229201 21.0071
229321 21.0065
229441 21.0056
229561 21.0044
229681 21.0026
229801 20.9997
229921 20.9943
230041 20.9805
230161 20.9187
230281 29.4453
230401 20.1624
230521 23.0282
230641 19.9899
230761 23.9054
230881 18.0113
231001 37.9785
231121 18.0966
231241 21.4417
231361 21.0014
231481 20.9976
231601 20.9898
231721 20.9642
231841 24.6268
231961 21.5718
232081 20.9438
232201 20.9696
232321 21.4637
232441 28.3632
232561 20.929
232681 26.3645
232801 23.1999
232921 22.1757
233041 18.0954
233161 37.8719
233281 18.7644
233401 29.5651
233521 29.1639
233641 20.4983
233761 22.9953
233881 19.0587
234001 26.597
234121 16.9936
234241 20.9426
234361 28.4254
234481 23.0019
234601 21.5436
234721 22.8107
234841 19.7323
234961 22.84
235081 11.8745
235201 30.9301
235321 26.8465
235441 23.3445
235561 19.6425
235681 23.5861
235801 19.437
235921 23.9846
236041 11.6817
236161 20.9773
236281 20.9874
236401 20.9574
236521 26.8078
236641 20.954
236761 20.9434
236881 28.9358
237001 23.0764
237121 11.7936
237241 20.9511
237361 29.9413
237481 23.9843
237601 20.0056
237721 23.4468
237841 11.6195
237961 20.9339
238081 20.9074
238201 21.0039
238321 21.0025
238441 21.0003
238561 20.9967
238681 20.9892
238801 20.9668
238921 22.954
239041 28.6923
239161 23.4022
239281 13.6836
239401 24.3393
239521 20.9145
239641 25.0294
239761 31.8567
239881 21.2472
240001 23.5022
240121 22.9588
240241 21.3625
240361 23.6932
240481 21.4851
240601 23.6463
240721 19.9867
240841 22.4466
240961 19.9189
241081 23.2941
241201 13.9688
241321 21.0035
241441 21.002
241561 20.9999
241681 20.9962
241801 20.9889
241921 20.968
242041 21.0247
242161 21.0011
242281 20.9985
242401 20.9937
242521 20.983
242641 20.9414
242761 20.3061
242881 19.2331
243001 28.4143
243121 21.6506
243241 20.4397
243361 22.8611
243481 15.926
243601 30.1864
243721 22.4995
243841 21.7706
243961 23.6016
244081 24.708
244201 20.7743
244321 14.3745
244441 29.5249
244561 12.3901
244681 29.7332
244801 20.4934
244921 16.2853
245041 22.5099
245161 20.2604
245281 23.1952
245401 23.3431
245521 22.9315
245641 23.3679
245761 22.7038
245881 28.6664
246001 22.2515
246121 15.32
246241 19.9775
246361 19.9739
246481 19.9843
246601 23.1605
246721 28.5162
246841 23.044
246961 23.1316
247081 23.1759
247201 23.3178
247321 15.3038
247441 20.0045
247561 20.1521
247681 28.6059
247801 15.5805
247921 21.524
248041 20.4217
248161 20.3235
248281 20.3389
248401 20.0466
248521 23.3922
248641 20.1555
248761 20.0291
248881 20.0166
249001 20.0228
249121 19.99
249241 20.0327
249361 20.0822
249481 19.9817
249601 20.0219
249721 20.0253
249841 20.0267
249961 20.0308
250081 20.0227
250201 20.0145
250321 20.0328
250441 20.0637
250561 19.9923
250681 19.9885
250801 19.9886
250921 19.9843
251041 19.9951
251161 19.9749
251281 20.0133
251401 20.048
251521 20.0095
251641 19.9858
251761 20.0286
251881 20.0623
252001 19.9954
252121 19.9772
252241 20.0209
252361 20.0605
252481 19.9951
252601 19.9813
252721 20.0086
252841 19.9956
252961 20.0288
253081 20.063
253201 19.9949
253321 19.9769
253441 20.0196
253561 20.0537
253681 20.002
253801 19.9743
253921 20.0243
254041 20.0715
254161 19.9866
254281 19.9974
254401 19.9732
254521 20.0182
254641 20.0526
254761 20.0056
254881 19.9772
255001 20.0209
255121 20.0318
255241 20.0235
255361 20.059
255481 19.9972
255601 19.9754
255721 20.0202
255841 20.0549
255961 20.0014
256081 19.9725
256201 20.022
256321 20.0609
256441 19.997
256561 19.973
256681 20.0212
256801 20.0677
256921 19.9897
257041 19.9864
257161 19.9837
257281 19.9868
257401 19.9762
257521 20.0098
257641 20.0188
257761 20.0298
257881 20.0596
258001 19.9981
258121 19.9716
258241 20.0203
258361 20.0612
258481 19.9966
258601 19.9721
258721 20.02
258841 20.0626
258961 19.9949
259081 19.9742
259201 20.0171
259321 20.0434
259441 20.0141
259561 19.9846
259681 20.0224
259801 20.0145
259921 20.0068
260041 20.0048
260161 20.007
260281 19.9926
260401 19.9735
260521 19.9928
260641 19.9729
260761 19.9485
260881 19.9255
261001 19.9355
261121 19.9312
261241 19.9316
261361 19.9363
261481 19.9334
261601 19.9353
261721 19.9368
261841 19.9499
261961 20.0048
262081 20.0221
262201 20.0261
262321 20.0561
262441 20.0032
262561 19.9691
262681 20.0093
262801 19.9873
262921 19.9544
263041 19.9323
263161 19.962
263281 19.972
263401 20.0067
263521 20.0311
263641 20.0248
263761 20.0348
263881 20.0225
264001 20.0111
264121 20.0312
264241 20.0511
264361 20.0103
264481 19.9831
264601 20.0173
264721 19.9891
264841 19.9464
264961 19.9384
265081 20.0054
265201 20.0502
265321 20.0106
265441 19.9797
265561 20.0133
265681 19.9779
265801 19.9436
265921 19.941
266041 20.0033
266161 20.0183
266281 20.0252
266401 20.0455
266521 20.0158
266641 19.9987
266761 20.0283
266881 20.0269
267001 20.0174
267121 20.0388
267241 20.0208
267361 20.0161
267481 20.0308
267601 20.0452
267721 20.0164
267841 20.0006
267961 20.0284
268081 20.0265
268201 20.0166
268321 20.0335
268441 20.0235
268561 20.0333
268681 20.0242
268801 20.0183
268921 20.0292
269041 20.0429
269161 20.0183
269281 20.0087
269401 20.0301
269521 20.037
269641 20.0206
269761 20.0379
269881 20.0213
270001 20.0047
270121 20.0265
270241 20.0218
270361 20.0114
270481 20.0073
270601 20.0038
270721 19.9706
270841 19.9491
270961 19.9226
271081 19.9314
271201 19.9277
271321 19.936
271441 19.9384
271561 19.9911
271681 20.0059
271801 20.0114
271921 19.9821
272041 19.9459
272161 20.0011
272281 20.1798
272401 20.0125
272521 20.0259
272641 19.979
272761 19.966
272881 20.0055
273001 20.0342
273121 20.0242
273241 20.0147
273361 20.0271
273481 20.031
273601 20.0204
273721 20.0364
273841 20.0226
273961 20.0213
274081 20.028
274201 20.0355
274321 20.022
274441 20.0309
274561 20.0255
274681 20.0263
274801 20.0259
274921 20.0341
275041 20.023
275161 20.029
275281 20.0257
275401 20.0301
275521 20.0245
275641 20.0317
275761 20.0241
275881 20.0294
276001 20.0249
276121 20.0307
276241 20.024
276361 20.0306
276481 20.0242
276601 20.0299
276721 20.0242
276841 20.0303
276961 20.0239
277081 20.0302
277201 20.0239
277321 20.0299
277441 20.0237
277561 20.0299
277681 20.0235
277801 20.0297
277921 20.0233
278041 20.0295
278161 20.0231
278281 20.0292
278401 20.0229
278521 20.0288
278641 20.0225
278761 20.0282
278881 20.022
279001 20.027
279121 20.0212
279241 20.0244
279361 20.019
279481 20.0158
279601 20.0078
279721 19.9738
279841 19.9579
279961 19.9263
280081 19.9771
280201 19.9697
280321 19.9518
280441 20.095
280561 20.1005
280681 19.9932
280801 20.0156
280921 20.0097
281041 20.0252
281161 20.0058
281281 19.9657
281401 19.9831
281521 20.004
281641 19.9925
281761 19.948
281881 19.9389
282001 19.9918
282121 19.989
282241 19.9779
282361 19.9882
282481 20.0234
282601 20.0132
282721 19.9953
282841 19.96
282961 19.9112
283081 19.9256
283201 19.9445
283321 19.9805
283441 19.9506
283561 19.957
283681 19.9474
283801 19.952
283921 19.9541
284041 19.9572
284161 19.9935
284281 20.0217
284401 20.0256
284521 20.0201
284641 20.0078
284761 19.9748
284881 19.9593
285001 19.9223
285121 19.969
285241 19.9543
285361 19.9614
285481 19.9462
285601 19.9493
285721 19.937
285841 19.9874
285961 20.0088
286081 20.0152
286201 19.9743
286321 19.9735
286441 19.9505
286561 19.9397
286681 19.9755
286801 19.9443
286921 19.9434
287041 19.9208
287161 19.9699
287281 19.9529
287401 19.9634
287521 19.9665
287641 19.9638
287761 19.9644
287881 19.966
288001 19.9631
288121 19.966
288241 19.9804
288361 20.0082
288481 19.9957
288601 19.9414
288721 20.0399
288841 20.212
288961 19.9952
289081 20.0384
289201 19.9596
289321 19.9794
289441 19.9487
289561 19.9615
289681 19.9338
289801 19.9706
289921 19.941
290041 19.9328
290161 19.9421
290281 19.9452
290401 19.9355
290521 19.9823
290641 19.9988
290761 20.0001
290881 19.9382
291001 20.0821
291121 20.1319
291241 19.9613
291361 20.0269
291481 19.9872
291601 19.9555
291721 20.0222
291841 20.2068
291961 19.983
292081 20.0448
292201 19.955
292321 19.9841
292441 19.9715
292561 19.9554
292681 20.2049
292801 20.029
292921 20.0439
293041 19.9666
293161 19.9395
293281 19.9249
293401 19.9445
293521 19.94
293641 19.9181
293761 19.9349
293881 19.985
294001 20.0021
294121 20.0056
294241 19.9411
294361 20.22
294481 20.0275
294601 20.0487
294721 19.9342
294841 19.9797
294961 19.965
295081 20.0101
295201 20.0483
295321 20.004
295441 20.0095
295561 20.0115
295681 19.9599
295801 20.0647
295921 20.1923
296041 19.9557
296161 20.0591
296281 19.9916
296401 19.9449
296521 20.1379
296641 20.029
296761 20.0544
296881 19.9319
297001 20.0067
297121 20.0796
297241 19.9874
297361 19.9401
297481 19.9561
297601 20
297721 20.1854
297841 19.9548
297961 20.0596
298081 19.9706
298201 19.9796
298321 19.9278
298441 20.0956
298561 20.0719
298681 20.0172
298801 19.95
298921 19.9719
299041 19.94
299161 19.9846
299281 19.9275
299401 20.3159
299521 20.1072
299641 19.9751
299761 19.9993
299881 20.0112
300001 20.0243
300121 19.9972
300241 19.9413
300361 20.2026
300481 20.0247
300601 20.0552
300721 19.9291
300841 20.0584
300961 20.1854
301081 19.9406
301201 20.0523
301321 20.0125
301441 19.9604
301561 19.9636
301681 19.9836
301801 19.9496
301921 20.2426
302041 20.039
302161 20.0501
302281 19.9248
302401 20.0637
302521 20.1746
302641 19.9344
302761 20.0458
302881 20.0094
303001 19.9494
303121 19.9009
303241 19.9487
303361 19.9227
303481 20.014
303601 20.0969
303721 19.9661
303841 19.9293
303961 19.9584
304081 19.9211
304201 19.9597
304321 19.93
304441 20.224
304561 20.0213
304681 20.0581
304801 19.9877
304921 19.9438
305041 20.2361
305161 20.0381
305281 20.0507
305401 19.9275
305521 20.1255
305641 20.0511
305761 20.0439
305881 19.963
306001 20.0113
306121 20.0369
306241 19.9913
306361 19.9563
306481 20.0304
306601 20.133
306721 19.9302
306841 20.0044
306961 20.0076
307081 19.9832
307201 19.9147
307321 20.084
307441 20.0686
307561 20.0157
307681 19.9225
307801 19.9039
307921 19.9022
308041 19.9136
308161 19.925
308281 19.9299
308401 19.9682
308521 19.9993
308641 20.0057
308761 19.9302
308881 20.5155
309001 19.9188
309121 19.9678
309241 19.9823
309361 19.9616
309481 19.8877
309601 19.9098
309721 19.9259
309841 19.9208
309961 19.9157
310081 19.9656
310201 20.0086
310321 20.0176
310441 19.9867
310561 19.9496
310681 19.8874
310801 19.8967
310921 19.9059
311041 19.8911
311161 19.924
311281 19.9615
311401 19.9696
311521 19.9454
311641 20.1997
311761 20.0212
311881 20.0533
312001 19.9613
312121 19.9687
312241 19.9264
312361 19.9612
312481 19.9911
312601 19.9741
312721 19.9441
312841 19.9097
312961 20.3847
313081 20.0691
313201 19.9791
313321 19.9087
313441 20.0287
313561 20.1233
313681 19.929
313801 19.9843
313921 20.001
314041 20.009
314161 19.9517
314281 20.1624
314401 20.0151
314521 20.043
314641 20.0065
314761 19.9724
314881 19.9034
315001 19.9991
315121 20.1431
315241 19.9166
315361 20.0149
315481 20.005
315601 19.9476
315721 19.8926
315841 19.9577
315961 19.9884
316081 19.9793
316201 19.9066
316321 19.8894
316441 19.9193
316561 19.904
316681 19.8945
316801 19.9624
316921 19.9962
317041 19.9498
317161 19.875
317281 19.8847
317401 19.9125
317521 19.9531
317641 19.9833
317761 19.959
317881 19.9074
318001 19.8952
318121 19.9836
318241 20.0167
318361 19.9699
318481 19.8949
318601 22.0722
318721 18.0209
318841 19.1524
318961 18.6501
319081 18.4298
319201 18.2716
319321 18.2991
319441 18.3044
319561 18.2735
319681 18.227
319801 18.1972
319921 17.6061
320041 17.7648
320161 21.2387
320281 14.7342
320401 19.4214
320521 18.439
320641 18.1233
320761 18.4491
320881 18.6736
321001 18.6553
321121 18.6536
321241 18.6596
321361 18.6688
321481 18.6802
321601 18.6936
321721 18.7095
321841 18.7283
321961 18.7504
322081 18.7756
322201 18.8029
322321 18.8304
322441 18.8553
322561 18.8751
322681 18.8884
322801 18.8971
322921 18.906
323041 18.9215
323161 18.9449
323281 18.9741
323401 19.0195
323521 19.1769
323641 19.5779
323761 18.8782
323881 19.0977
324001 17.1805
324121 18.3813
324241 20.0751
324361 18.8269
324481 21.1373
324601 20.0805
324721 18.9677
324841 19.8687
324961 21.3049
325081 21.1745
325201 19.1706
325321 19.432
325441 21.3326
325561 19.9828
325681 19.4659
325801 19.7659
325921 21.1048
326041 20.9493
326161 21.3528
326281 21.0741
326401 20.9048
326521 21.6217
326641 21.752
326761 21.8883
326881 21.9589
327001 22.0805
327121 22.2727
327241 22.2328
327361 22.1121
327481 21.7883
327601 21.6672
327721 19.9194
327841 22.0569
327961 21.4295
328081 21.2483
328201 21.2561
328321 21.2739
328441 21.0949
328561 21.1484
328681 21.3332
328801 20.9466
328921 21.0806
329041 21.6713
329161 22.343
329281 22.7306
329401 21.1659
329521 22.4582
329641 21.3405
329761 21.4422
329881 21.4487
330001 21.6052
330121 21.7236
330241 22.005
330361 22.5143
330481 20.8028
330601 22.1987
330721 21.5141
330841 21.6744
330961 21.7524
331081 21.8779
331201 22.0135
331321 22.1372
331441 22.2325
331561 22.3164
331681 22.372
331801 22.3794
331921 22.3992
332041 22.4797
332161 22.5673
332281 22.608
332401 20.4593
332521 24.7986
332641 20.4115
332761 18.5563
332881 23.342
333001 20.5931
333121 21.3274
333241 17.4232
333361 15.2006
333481 14.6834
333601 14.2821
333721 14.5142
333841 14.1347
333961 14.3532
334081 14.241
334201 14.1751
334321 14.7614
334441 14.5929
334561 14.2308
334681 14.826
334801 14.1099
334921 14.2157
335041 14.5185
335161 14.9396
335281 14.4566
335401 14.27
335521 14.2729
335641 15.3325
335761 16.8958
335881 14.2325
336001 14.2692
336121 15.5891
336241 14.8926
336361 14.9898
336481 14.3244
336601 14.2278
336721 14.8884
336841 14.0818
336961 14.2359
337081 14.8137
337201 14.3343
337321 14.3556
337441 15.8956
337561 15.9068
337681 14.0067
337801 13.7999
337921 13.7692
338041 13.7484
338161 13.7369
338281 13.7311
338401 13.7289
338521 13.7658
338641 15.2914
338761 14.7807
338881 20.3366
339001 14.0604
339121 13.7769
339241 13.8096
339361 13.7802
339481 13.7625
339601 13.7523
339721 14.9626
339841 14.1716
339961 14.0764
340081 13.8372
340201 13.8494
340321 13.8105
340441 13.7885
340561 13.7725
340681 14.0051
340801 15.6373
340921 15.7344
341041 15.6533
341161 15.7031
341281 14.1353
341401 12.5923
341521 13.5031
341641 15.8113
341761 14.2924
341881 15.6564
342001 14.2973
342121 13.921
342241 13.8227
342361 14.737
342481 20.8612
342601 14.1362
342721 13.9636
342841 13.8877
342961 13.8796
343081 13.906
343201 13.9413
343321 13.9378
343441 13.8456
343561 13.9007
343681 14.0378
343801 13.9687
343921 13.9112
344041 13.9075
344161 14.0166
344281 13.9069
344401 13.9087
344521 14.0237
344641 13.9705
344761 13.9217
344881 14.0718
345001 14.0307
345121 13.989
345241 13.8826
345361 15.7865
345481 14.3838
345601 16.3508
345721 14.2365
345841 14.0429
345961 13.9317
346081 16.4865
346201 15.5704
346321 13.8479
346441 13.8536
346561 15.8758
346681 16.9706
346801 15.8723
346921 13.3828
347041 13.8669
347161 13.8346
347281 13.9457
347401 16.6984
347521 22.2711
347641 14.9558
347761 14.2772
347881 15.7792
348001 13.32
348121 19.2315
348241 15.7166
348361 16.1264
348481 14.0922
348601 14.0453
348721 15.828
348841 14.1526
348961 14.6071
349081 13.1607
349201 15.5567
349321 15.8287
349441 14.2709
349561 13.5917
349681 15.8286
349801 15.2755
349921 14.1025
350041 14.7983
350161 15.1939
350281 14.1217
350401 14.3017
350521 16.0533
350641 16.168
350761 16.1692
350881 15.8832
351001 15.6283
351121 15.9013
351241 13.466
351361 14.1155
351481 15.7243
351601 15.7674
351721 16.6294
351841 16.0322
351961 13.8851
352081 14.8603
352201 15.0332
352321 16.0438
352441 15.0356
352561 14.9651
352681 14.3502
352801 14.3476
352921 14.4237
353041 14.3191
353161 13.4
353281 16.0119
353401 14.7592
353521 14.8974
353641 14.255
353761 14.6675
353881 15.046
354001 14.2546
354121 14.975
354241 13.9686
354361 13.1625
354481 17.205
354601 15.464
354721 15.3591
354841 15.3836
354961 15.2297
355081 14.0862
355201 13.3948
355321 16.1722
355441 14.1057
355561 14.0436
355681 15.9275
355801 16.4223
355921 14.666
356041 14.9453
356161 14.7937
356281 14.2252
356401 16.3658
356521 14.0081
356641 15.2662
356761 14.5683
356881 14.7575
357001 14.3133
357121 15.1032
357241 14.9179
357361 15.7537
357481 14.2337
357601 15.0736
357721 15.2585
357841 15.3506
357961 15.2398
358081 15.3092
358201 15.2854
358321 15.2012
358441 15.2301
358561 15.2397
358681 15.1851
358801 15.1999
358921 15.2189
359041 15.2507
359161 15.2516
359281 14.3901
359401 14.7965
359521 15.0387
359641 14.2756
359761 15.1581
359881 14.0621
360001 15.0587
360121 13.9835
360241 15.0572
360361 13.962
360481 15.0858
360601 14.0146
360721 15.1963
360841 14.0979
360961 15.0716
361081 13.8026
361201 14.9906
361321 13.8802
361441 14.2114
361561 15.1938
361681 14.8901
361801 14.642
361921 15.1217
362041 14.9529
362161 14.9363
362281 14.7884
362401 15.0318
362521 14.9986
362641 15.0484
362761 15.0273
362881 15.0338
363001 15.0507
363121 15.0215
363241 15.054
363361 15.0901
363481 15.0693
363601 15.0962
363721 15.1052
363841 15.116
363961 15.1412
364081 15.1595
364201 15.1747
364321 15.1884
364441 15.2009
364561 15.2123
364681 15.2225
364801 15.2316
364921 15.2396
365041 15.2466
365161 15.2528
365281 15.2582
365401 15.2629
365521 15.267
365641 15.2706
365761 15.2737
365881 15.2765
366001 15.2789
366121 15.281
366241 15.2829
366361 15.2846
366481 15.2862
366601 15.2875
366721 15.2888
366841 15.29
366961 15.2912
367081 15.2923
367201 15.2934
367321 15.2945
367441 15.2957
367561 15.2969
367681 15.2981
367801 15.2994
367921 15.3008
368041 15.3023
368161 15.3038
368281 15.3055
368401 15.3071
368521 15.3088
368641 15.3105
368761 15.3122
368881 15.3137
369001 15.3149
369121 15.3157
369241 15.3158
369361 15.3149
369481 15.3122
369601 15.3066
369721 15.2958
369841 15.2752
369961 15.2364
370081 15.1809
370201 15.1432
370321 15.1122
370441 15.0796
370561 14.9781
370681 13.9079
370801 14.1582
370921 14.9902
371041 14.1463
371161 14.4243
371281 14.4575
371401 14.9114
371521 14.0451
371641 14.4959
371761 14.5788
371881 14.4538
372001 16.0302
372121 14.5349
372241 14.4169
372361 14.7554
372481 14.294
372601 14.8841
372721 14.8607
372841 14.3012
372961 15.2239
373081 14.9801
373201 14.1431
373321 15.0833
373441 14.2497
373561 15.036
373681 14.8935
373801 14.9416
373921 14.9964
374041 14.2942
374161 15.2446
374281 14.6348
374401 13.6569
374521 15.1254
374641 14.4235
374761 15.2684
374881 15.221
375001 15.1452
375121 14.7334
375241 14.4285
375361 16.0447
375481 15.1774
375601 15.2195
375721 15.261
375841 14.8424
375961 14.054
376081 15.9726
376201 15.0974
376321 15.245
376441 15.3632
376561 15.3272
376681 15.3174
376801 15.3292
376921 15.3092
377041 14.9059
377161 15.0851
377281 15.4332
377401 14.6421
377521 14.9367
377641 14.5022
377761 15.7306
377881 15.1559
378001 14.4278
378121 14.6918
378241 14.5511
378361 14.7643
378481 15.1332
378601 14.311
378721 14.9859
378841 14.5753
378961 15.0951
379081 15.0611
379201 14.3873
379321 15.6912
379441 14.6135
379561 14.5867
379681 14.6767
379801 14.4474
379921 15.0702
380041 14.5602
380161 14.8481
380281 14.8976
380401 14.777
380521 15.036
380641 15.3826
380761 15.016
380881 14.3848
381001 15.4659
381121 14.5619
381241 14.4698
381361 14.79
381481 14.4792
381601 14.5006
381721 14.5416
381841 14.659
381961 14.6043
382081 14.6584
382201 14.6975
382321 14.7091
382441 14.7119
382561 14.7086
382681 14.7024
382801 14.6955
382921 14.6889
383041 14.6833
383161 14.6786
383281 14.6746
383401 14.6711
383521 14.6679
383641 14.6649
383761 14.6621
383881 14.6594
384001 14.6569
384121 14.6547
384241 14.6529
384361 14.6514
384481 14.6504
384601 14.6498
384721 14.6496
384841 14.6499
384961 14.6507
385081 14.6521
385201 14.6541
385321 14.6568
385441 14.6601
385561 14.6642
385681 14.6689
385801 14.6739
385921 14.6781
386041 14.6731
386161 14.4787
386281 15.0887
386401 14.653
386521 14.3215
386641 15.0228
386761 15.679
386881 14.7229
387001 14.9618
387121 14.3598
387241 14.5614
387361 15.2094
387481 14.9542
387601 14.6524
387721 14.7116
387841 15.3361
387961 14.6095
388081 14.2532
388201 14.6478
388321 14.6557
388441 14.7601
388561 15.2906
388681 14.7948
388801 14.3409
388921 14.3629
389041 14.4013
389161 14.4721
389281 14.8152
389401 15.3454
389521 16.1351
389641 14.5202
389761 14.6037
389881 15.5242
390001 14.8261
390121 15.2697
390241 14.7982
390361 14.3732
390481 14.4791
390601 15.313
390721 15.9621
390841 14.4784
390961 15.0271
391081 14.4945
391201 14.3709
391321 14.4304
391441 14.4958
391561 14.7288
391681 15.7432
391801 16.0519
391921 15.2159
392041 15.638
392161 15.1713
392281 15.4543
392401 14.7496
392521 15.6114
392641 15.4349
392761 14.4217
392881 14.4754
393001 14.7413
393121 14.3186
393241 14.5192
393361 14.3433
393481 14.356
393601 14.4016
393721 14.4709
393841 14.5501
393961 14.5044
394081 14.529
394201 14.5372
394321 14.5492
394441 14.5687
394561 14.6033
394681 14.7043
394801 15.456
394921 16.2977
395041 14.6112
395161 14.4123
395281 14.4068
395401 14.4392
395521 14.5865
395641 15.0747
395761 15.5786
395881 13.8787
396001 13.4723
396121 15.0074
396241 15.4407
396361 15.6116
396481 14.4194
396601 14.5271
396721 15.3495
396841 16.2598
396961 15.2777
397081 14.3773
397201 15.079
397321 14.8238
397441 14.9176
397561 15.1382
397681 14.5231
397801 14.3599
397921 14.3477
398041 14.3666
398161 14.4331
398281 14.4762
398401 14.548
398521 15.1897
398641 14.9683
398761 14.3716
398881 14.4311
399001 14.5293
399121 15.2576
399241 16.1113
399361 14.9321
399481 14.4227
399601 14.6344
399721 13.2748
399841 14.1989
399961 14.7094
400081 13.1232
400201 14.4398
400321 14.434
400441 13.2131
400561 14.049
400681 14.4067
400801 14.716
400921 15.131
401041 13.2145
401161 14.8063
401281 13.2624
401401 14.3397
401521 15.2038
401641 16.2024
401761 14.4304
401881 14.207
402001 14.0661
402121 14.0615
402241 14.2721
402361 14.3245
402481 12.9637
402601 15.3994
402721 14.4112
402841 15.311
402961 15.4554
403081 14.3977
403201 14.2986
403321 14.0902
403441 14.2409
403561 14.702
403681 14.2952
403801 13.1603
403921 14.3677
404041 14.6073
404161 15.1221
404281 16.0263
404401 14.5488
404521 14.2477
404641 14.6056
404761 13.3197
404881 14.4738
405001 12.8691
405121 12.8471
405241 14.7037
405361 15.3334
405481 16.084
405601 14.3332
405721 13.2163
405841 14.8242
405961 14.2875
406081 14.052
406201 13.0706
406321 13.228
406441 15.2065
406561 16.9699
406681 16.5992
406801 14.62
406921 14.3619
407041 14.2802
407161 14.7999
407281 14.3952
407401 14.2387
407521 14.24
407641 15.6498
407761 14.4502
407881 14.4409
408001 15.0739
408121 16.0049
408241 14.2327
408361 14.2861
408481 14.0543
408601 14.3333
408721 14.2758
408841 14.1022
408961 14.0965
409081 14.3747
409201 14.2622
409321 14.1422
409441 14.2542
409561 14.5524
409681 14.639
409801 12.8492
409921 14.3323
410041 12.9417
410161 14.9289
410281 13.1326
410401 14.3832
410521 14.5797
410641 13.1925
410761 13.1196
410881 14.2197
411001 14.2287
411121 14.3312
411241 14.3036
411361 14.3043
411481 14.3292
411601 14.4482
411721 13.1035
411841 14.2034
411961 14.5186
412081 13.0387
412201 13.249
412321 13.2374
412441 14.2033
412561 13.003
412681 14.3293
412801 14.3383
412921 14.6183
413041 14.447
413161 14.298
413281 14.3205
413401 14.324
413521 14.2575
413641 14.4271
413761 14.5893
413881 12.9653
414001 12.9608
414121 12.9692
414241 14.3155
414361 13.4507
414481 14.3624
414601 12.9023
414721 15.07
414841 16.2351
414961 14.6213
415081 14.9191
415201 14.4189
415321 14.1061
415441 14.601
415561 14.7035
415681 14.1792
415801 14.2999
415921 13.9203
416041 14.4012
416161 14.0752
416281 14.1269
416401 14.101
416521 14.4196
416641 14.3199
416761 14.1744
416881 14.161
417001 14.2525
417121 14.238
417241 14.3657
417361 14.3501
417481 14.8915
417601 13.1927
417721 13.226
417841 14.1845
417961 15.1513
418081 16.9463
418201 14.7786
418321 15.2481
418441 14.3889
418561 14.2338
418681 14.8437
418801 16.6581
418921 14.7851
419041 14.4837
419161 14.1634
419281 13.8085
419401 13.8418
419521 13.7545
419641 13.7848
419761 13.7991
419881 14.6447
420001 14.8436
420121 16.1441
420241 14.1023
420361 14.5491
420481 14.7403
420601 14.2158
420721 14.3237
420841 14.7511
420961 15.4763
421081 15.7131
421201 15.5641
421321 15.5148
421441 15.6723
421561 15.4422
421681 15.3546
421801 15.4527
421921 15.4202
422041 15.5016
422161 15.4398
422281 15.277
422401 13.8775
422521 15.0267
422641 15.313
422761 15.3576
422881 15.2011
423001 14.7401
423121 15.2706
423241 13.6274
423361 12.9707
423481 13.9856
423601 12.8513
423721 13.8769
423841 13.8927
423961 14.6598
424081 12.6795
424201 13.74
424321 13.5088
424441 12.4667
424561 12.5099
424681 12.5452
424801 12.5037
424921 12.6216
425041 12.9651
425161 13.8664
425281 13.0207
425401 13.6232
425521 12.4788
425641 13.0221
425761 13.4859
425881 13.5439
426001 13.7769
426121 14.9623
426241 15.3506
426361 14.697
426481 14.7133
426601 14.6445
426721 14.1602
426841 13.7578
426961 12.649
427081 12.4941
427201 12.5679
427321 12.6353
427441 12.5755
427561 13.4843
427681 12.6477
427801 14.6297
427921 14.7089
428041 12.9762
428161 14.2852
428281 14.6838
428401 13.1522
428521 14.809
428641 14.3119
428761 12.9621
428881 14.2794
429001 13.6215
429121 13.4737
429241 12.7643
429361 12.4604
429481 12.9467
429601 12.9087
429721 12.6507
429841 12.8403
429961 12.6706
430081 13.8203
430201 12.7514
430321 13.1984
430441 12.9387
430561 12.8383
430681 12.7354
430801 12.9051
430921 12.7753
431041 13.4876
431161 14.9256
431281 16.612
431401 14.3879
431521 13.7674
431641 12.5324
431761 12.5376
431881 12.6268
432001 12.5301
432121 13.0594
432241 13.9698
432361 14.8828
432481 13.9625
432601 12.8495
432721 13.6823
432841 12.6459
432961 13.0153
433081 14.1262
433201 13.8664
433321 13.8472
433441 15.6973
433561 13.7158
433681 13.595
433801 13.032
433921 13.0877
434041 13.7762
434161 13.8581
434281 15.3185
434401 13.9248
434521 13.4984
434641 13.7542
434761 14.9817
434881 13.7841
435001 12.8386
435121 12.7856
435241 13.5998
435361 13.4372
435481 14.2
435601 14.1914
435721 13.6133
435841 14.2892
435961 14.9915
436081 13.6693
436201 13.8094
436321 13.8444
436441 14.2111
436561 13.6746
436681 12.9995
436801 12.8934
436921 13.7172
437041 13.7918
437161 13.8608
437281 13.113
437401 13.2043
437521 14.0628
437641 13.2703
437761 14.0129
437881 13.7919
438001 13.9216
438121 13.9993
438241 13.9047
438361 13.9229
438481 13.9632
438601 13.8668
438721 14.2688
438841 14.194
438961 13.8846
439081 13.9385
439201 13.9848
439321 13.945
439441 14.2966
439561 14.0314
439681 13.9651
439801 14.0914
439921 13.8047
440041 13.9169
440161 13.3893
440281 13.8648
440401 13.8617
440521 13.8008
440641 13.9537
440761 13.8877
440881 13.7988
441001 13.9227
441121 14.3337
441241 13.8654
441361 13.8776
441481 13.9332
441601 14.0082
441721 14.106
441841 14.1744
441961 13.7232
442081 13.7379
442201 13.9461
442321 14.2145
442441 14.4974
442561 13.3895
442681 13.2961
442801 13.8234
442921 13.2097
443041 13.4288
443161 14.2763
443281 14.4005
443401 13.2483
443521 13.3656
443641 13.3294
443761 13.2402
443881 12.8784
444001 13.3939
444121 13.8091
444241 13.6389
444361 13.2733
444481 13.8675
444601 13.3883
444721 13.139
444841 14.0389
444961 14.0664
445081 13.9603
445201 13.2893
445321 13.9398
445441 14.0913
445561 14.0029
445681 14.1371
445801 13.9242
445921 13.8557
446041 13.888
446161 13.8297
446281 13.8817
446401 13.8162
446521 13.9267
446641 13.8787
446761 14.0383
446881 13.8661
447001 13.8199
447121 14.1033
447241 13.9381
447361 13.7457
447481 13.7152
447601 13.7577
447721 13.8307
447841 14.0111
447961 13.904
448081 14.4716
448201 13.8019
448321 13.7674
448441 14.0403
448561 13.8576
448681 13.7509
448801 13.9279
448921 14.428
449041 13.707
449161 13.7278
449281 13.7165
449401 13.7053
449521 13.9462
449641 14.4185
449761 13.8892
449881 13.6742
450001 13.6492
450121 13.8474
450241 14.3242
450361 13.6723
450481 13.6818
450601 13.8966
450721 14.5358
450841 13.9778
450961 13.8746
451081 13.7914
451201 14.3136
451321 13.6251
451441 13.7878
451561 14.1948
451681 13.6046
451801 13.9195
451921 14.3166
452041 13.6671
452161 14.0933
452281 14.9215
452401 13.5497
452521 13.7671
452641 14.1411
452761 14.0449
452881 13.8022
453001 13.8898
453121 14.3756
453241 13.7017
453361 13.7556
453481 14.8556
453601 13.5323
453721 13.7439
453841 13.7461
453961 14.9026
454081 13.5896
454201 13.9947
454321 13.9006
454441 14.8854
454561 13.6137
454681 13.7014
454801 13.7015
454921 14.954
455041 13.6946
455161 13.9898
455281 13.8805
455401 14.8425
455521 13.5968
455641 13.7381
455761 13.715
455881 15.0563
456001 13.6943
456121 13.7646
456241 13.9699
456361 14.8498
456481 13.6768
456601 13.9949
456721 13.8388
456841 14.6432
456961 13.7105
457081 13.7551
457201 13.6677
457321 13.701
457441 14.8544
457561 13.685
457681 13.6411
457801 13.7878
457921 14.3168
458041 13.6458
458161 13.6979
458281 13.8159
458401 14.5101
458521 13.5707
458641 13.659
458761 15.1371
458881 13.8196
459001 13.6957
459121 14.9995
459241 13.6488
459361 13.743
459481 13.7689
459601 13.7653
459721 13.7067
459841 14.4804
459961 13.4881
460081 13.7246
460201 13.7857
460321 13.7903
460441 13.7278
460561 13.6231
460681 15.0579
460801 14.0305
460921 13.6041
461041 14.1028
461161 13.6329
461281 14.6594
461401 13.6049
461521 13.9676
461641 13.7877
461761 14.8211
461881 13.9867
462001 13.7653
462121 14.1343
462241 13.6899
462361 14.9877
462481 13.7084
462601 13.6583
462721 13.6032
462841 14.8191
462961 13.8258
463081 13.7376
463201 14.6251
463321 13.5186
463441 13.6959
463561 14.1185
463681 13.5254
463801 13.7528
463921 13.7247
464041 14.9435
464161 13.7911
464281 13.6462
464401 13.8728
464521 13.9201
464641 13.7603
464761 14.0526
464881 13.6861
465001 14.2375
465121 13.6152
465241 13.7871
465361 13.6879
465481 13.6332
465601 14.1478
465721 13.4899
465841 13.7192
465961 14.315
466081 14.4679
466201 13.9033
466321 14.221
466441 13.5305
466561 13.7295
466681 13.6518
466801 14.3183
466921 13.8386
467041 13.6179
467161 14.178
467281 13.5415
467401 13.7336
467521 14.4694
467641 13.6218
467761 13.6632
467881 14.1456
468001 13.8387
468121 13.6126
468241 13.6726
468361 14.0139
468481 13.6113
468601 13.5383
468721 13.8461
468841 14.3007
468961 13.7755
469081 13.8529
469201 13.9527
469321 13.7286
469441 14.0719
469561 13.9224
469681 13.6165
469801 13.674
469921 14.3078
470041 13.9854
470161 13.6421
470281 13.7875
470401 13.7096
470521 13.583
470641 14.024
470761 13.9788
470881 14.1069
471001 13.9315
471121 13.4522
471241 13.744
471361 13.6002
471481 13.7024
471601 13.9119
471721 13.9628
471841 13.6341
471961 13.6549
472081 13.5735
472201 13.6132
472321 13.5626
472441 13.6071
472561 13.5463
472681 13.5972
472801 13.5136
472921 13.6539
473041 13.7241
473161 13.7685
473281 13.6068
473401 13.9786
473521 13.9961
473641 13.9511
473761 13.685
473881 13.633
474001 13.523
474121 13.6613
474241 13.6891
474361 13.838
474481 13.7777
474601 13.8703
474721 14.1225
474841 13.8645
474961 13.8093
475081 13.6784
475201 13.762
475321 13.7801
475441 14.2248
475561 14.2084
475681 13.6399
475801 13.7128
475921 13.6491
476041 13.7273
476161 13.7012
476281 13.6104
476401 13.9284
476521 13.7216
476641 14.1157
476761 14.151
476881 13.6029
477001 13.7327
477121 13.7831
477241 13.7079
477361 13.9469
477481 13.6441
477601 13.9861
477721 13.8544
477841 13.6499
477961 14.0212
478081 14.114
478201 13.6178
478321 14.0114
478441 13.7158
478561 13.9526
478681 14.1665
478801 13.6195
478921 14.0278
479041 14.1169
479161 13.6471
479281 13.9232
479401 14.0768
479521 13.6052
479641 13.6079
479761 14.0311
479881 13.6228
480001 13.5839
480121 13.9892
480241 13.932
480361 13.7065
480481 13.7078
480601 14.3025
480721 13.8814
480841 13.6723
480961 13.6207
481081 13.6737
481201 13.6229
481321 13.6537
481441 13.901
481561 13.5258
481681 13.9935
481801 13.5379
481921 14.1808
482041 13.9555
482161 13.5999
482281 13.6122
482401 13.9475
482521 13.7767
482641 14.122
482761 14.202
482881 13.7038
483001 13.5475
483121 14.0246
483241 13.9252
483361 13.5113
483481 13.5953
483601 14.0166
483721 14.0799
483841 13.7776
483961 13.5351
484081 13.8388
484201 13.621
484321 14.066
484441 13.6306
484561 13.6408
484681 14.0587
484801 13.682
484921 13.6268
485041 14.1914
485161 13.6862
485281 13.7772
485401 13.6785
485521 13.5687
485641 13.6065
485761 13.7878
485881 13.5582
486001 14.0598
486121 13.7033
486241 13.6153
486361 13.5752
486481 13.7034
486601 13.6446
486721 13.7145
486841 13.6565
486961 13.9806
487081 13.8336
487201 13.6528
487321 13.6357
487441 13.6954
487561 13.6454
487681 13.7306
487801 13.6855
487921 13.9471
488041 13.8362
488161 13.881
488281 13.969
488401 13.9403
488521 13.8685
488641 13.9278
488761 13.8967
488881 13.74
489001 13.8179
489121 14.1134
489241 14.0106
489361 13.8863
489481 13.9483
489601 13.7214
489721 14.3199
489841 13.8571
489961 13.8223
490081 13.8984
490201 13.9377
490321 13.9912
490441 13.9286
490561 13.9802
490681 13.8895
490801 13.9497
490921 13.7834
491041 14.0352
491161 14.1681
491281 13.4211
491401 14.0649
491521 13.4298
491641 13.8901
491761 13.4004
491881 13.7735
492001 13.3212
492121 13.8344
492241 13.3048
492361 13.937
492481 13.4187
492601 14.1137
492721 13.484
492841 13.8491
492961 13.3932
493081 14.2049
493201 13.5093
493321 13.7585
493441 13.3044
493561 13.6999
493681 13.3197
493801 13.7664
493921 13.4159
494041 13.9095
494161 13.5258
494281 13.6253
494401 13.3228
494521 13.6379
494641 13.5877
494761 13.4187
494881 13.6239
495001 13.421
495121 13.2945
495241 13.2795
495361 13.2451
495481 13.2932
495601 13.2592
495721 13.3124
495841 13.2715
495961 13.3279
496081 13.2762
496201 13.3387
496321 13.274
496441 13.3705
496561 13.3456
496681 13.6346
496801 13.4609
496921 13.2846
497041 13.2754
497161 13.3666
497281 13.3197
497401 13.6219
497521 13.4612
497641 13.2902
497761 13.3135
497881 13.5991
498001 13.4346
498121 13.3262
498241 13.3123
498361 13.2864
498481 13.3316
498601 13.2877
498721 13.3402
498841 13.2887
498961 13.352
499081 13.2921
499201 13.387
499321 13.3524
499441 13.6623
499561 13.4882
499681 13.3117
499801 13.3037
499921 13.4144
500041 13.4006

------------------------------------
Input : 0
Output Layer output:
0.999732 3.12493e-08 3.2936e-70 

------------------------------------
Input : 1
Output Layer output:
0.998619 0.0669558 2.91936e-64 

------------------------------------
Input : 2
Output Layer output:
0.999465 5.56513e-07 2.14981e-65 

------------------------------------
Input : 3
Output Layer output:
0.997936 2.6301e-05 1.69915e-60 

------------------------------------
Input : 4
Output Layer output:
0.999787 1.42771e-10 5.34919e-70 

------------------------------------
Input : 5
Output Layer output:
0.99958 5.57545e-15 1.62162e-68 

------------------------------------
Input : 6
Output Layer output:
0.999375 1.77444e-12 7.97498e-63 

------------------------------------
Input : 7
Output Layer output:
0.999367 5.48711e-07 7.26738e-67 

------------------------------------
Input : 8
Output Layer output:
0.997351 0.000415713 1.80001e-58 

------------------------------------
Input : 9
Output Layer output:
0.998625 0.342834 4.3237e-65 

------------------------------------
Input : 10
Output Layer output:
0.999806 1.14473e-08 3.10832e-73 

------------------------------------
Input : 11
Output Layer output:
0.998809 4.40195e-08 2.60437e-63 

------------------------------------
Input : 12
Output Layer output:
0.998781 0.558391 7.43561e-65 

------------------------------------
Input : 13
Output Layer output:
0.999602 9.9453e-06 1.61976e-64 

------------------------------------
Input : 14
Output Layer output:
0.999986 1.22475e-11 2.89269e-84 

------------------------------------
Input : 15
Output Layer output:
0.999972 1.94122e-21 1.42556e-78 

------------------------------------
Input : 16
Output Layer output:
0.999941 1.06232e-16 9.85045e-75 

------------------------------------
Input : 17
Output Layer output:
0.999675 3.06177e-10 1.29343e-68 

------------------------------------
Input : 18
Output Layer output:
0.999622 4.17883e-09 2.54132e-72 

------------------------------------
Input : 19
Output Layer output:
0.999784 1.52732e-14 1.98343e-69 

------------------------------------
Input : 20
Output Layer output:
0.998726 0.00445478 9.31583e-68 

------------------------------------
Input : 21
Output Layer output:
0.999646 5.65472e-15 4.79703e-67 

------------------------------------
Input : 22
Output Layer output:
0.99996 2.41661e-15 3.25235e-72 

------------------------------------
Input : 23
Output Layer output:
0.996197 8.18379e-10 3.47716e-59 

------------------------------------
Input : 24
Output Layer output:
0.994825 8.58345e-07 1.19694e-58 

------------------------------------
Input : 25
Output Layer output:
0.996573 0.750702 3.74485e-62 

------------------------------------
Input : 26
Output Layer output:
0.998473 1.4178e-10 4.01463e-62 

------------------------------------
Input : 27
Output Layer output:
0.999592 4.8719e-07 1.17949e-69 

------------------------------------
Input : 28
Output Layer output:
0.999663 6.83975e-06 2.02793e-70 

------------------------------------
Input : 29
Output Layer output:
0.997673 1.08515e-05 9.8803e-61 

------------------------------------
Input : 30
Output Layer output:
0.997075 0.00236954 6.08349e-61 

------------------------------------
Input : 31
Output Layer output:
0.999295 5.9295e-08 1.11975e-67 

------------------------------------
Input : 32
Output Layer output:
0.999945 1.70792e-14 5.50455e-76 

------------------------------------
Input : 33
Output Layer output:
0.999975 3.19743e-16 9.79231e-80 

------------------------------------
Input : 34
Output Layer output:
0.998625 0.342834 4.3237e-65 

------------------------------------
Input : 35
Output Layer output:
0.999735 4.018e-05 5.99755e-70 

------------------------------------
Input : 36
Output Layer output:
0.999876 1.30689e-05 9.18636e-76 

------------------------------------
Input : 37
Output Layer output:
0.998625 0.342834 4.3237e-65 

------------------------------------
Input : 38
Output Layer output:
0.998797 4.08899e-06 8.15959e-61 

------------------------------------
Input : 39
Output Layer output:
0.99941 3.1783e-06 7.26569e-68 

------------------------------------
Input : 40
Output Layer output:
0.999786 1.96388e-11 3.61177e-69 

------------------------------------
Input : 41
Output Layer output:
0.988985 0.999961 1.07652e-54 

------------------------------------
Input : 42
Output Layer output:
0.999339 2.86364e-09 2.1513e-62 

------------------------------------
Input : 43
Output Layer output:
0.99833 3.60188e-16 1.00533e-59 

------------------------------------
Input : 44
Output Layer output:
0.998132 7.85387e-15 1.28228e-61 

------------------------------------
Input : 45
Output Layer output:
0.998201 0.00012137 1.14673e-61 

------------------------------------
Input : 46
Output Layer output:
0.999709 4.19568e-12 1.80912e-69 

------------------------------------
Input : 47
Output Layer output:
0.999063 2.586e-07 7.70236e-63 

------------------------------------
Input : 48
Output Layer output:
0.999792 1.97629e-09 3.10904e-72 

------------------------------------
Input : 49
Output Layer output:
0.999477 7.70345e-06 1.2495e-67 

------------------------------------
Input : 50
Output Layer output:
5.16436e-05 0.984569 1.99135e-16 

------------------------------------
Input : 51
Output Layer output:
7.42618e-05 2.28489e-06 6.10349e-12 

------------------------------------
Input : 52
Output Layer output:
1.09912e-05 0.967263 6.1809e-10 

------------------------------------
Input : 53
Output Layer output:
4.5424e-05 0.999723 8.57179e-07 

------------------------------------
Input : 54
Output Layer output:
1.46919e-05 0.986419 3.14437e-08 

------------------------------------
Input : 55
Output Layer output:
2.01412e-05 0.181561 5.70226e-05 

------------------------------------
Input : 56
Output Layer output:
2.87996e-05 7.40982e-10 4.99476e-07 

------------------------------------
Input : 57
Output Layer output:
0.00223276 0.724148 3.04167e-17 

------------------------------------
Input : 58
Output Layer output:
3.1423e-05 0.999991 3.30983e-13 

------------------------------------
Input : 59
Output Layer output:
0.000164057 3.313e-08 6.53717e-07 

------------------------------------
Input : 60
Output Layer output:
0.000270878 1 5.61295e-12 

------------------------------------
Input : 61
Output Layer output:
0.000124853 2.56618e-08 5.04287e-10 

------------------------------------
Input : 62
Output Layer output:
8.59331e-05 1 8.70631e-16 

------------------------------------
Input : 63
Output Layer output:
1.11191e-05 0.319298 4.66106e-05 

------------------------------------
Input : 64
Output Layer output:
0.00209736 1.36704e-07 9.54065e-19 

------------------------------------
Input : 65
Output Layer output:
0.000134984 0.388851 2.67032e-17 

------------------------------------
Input : 66
Output Layer output:
2.31629e-05 2.57482e-09 0.022667 

------------------------------------
Input : 67
Output Layer output:
0.000204658 0.999999 3.52163e-16 

------------------------------------
Input : 68
Output Layer output:
3.20989e-06 1 0.0457382 

------------------------------------
Input : 69
Output Layer output:
0.000214237 0.999982 4.09013e-14 

------------------------------------
Input : 70
Output Layer output:
6.66782e-06 6.42715e-15 0.999412 

------------------------------------
Input : 71
Output Layer output:
0.000310957 0.638693 9.66165e-17 

------------------------------------
Input : 72
Output Layer output:
1.18911e-06 1 0.971241 

------------------------------------
Input : 73
Output Layer output:
1.21613e-05 0.999995 1.86142e-07 

------------------------------------
Input : 74
Output Layer output:
0.000118982 0.994391 7.20504e-16 

------------------------------------
Input : 75
Output Layer output:
9.31813e-05 0.805856 1.64493e-15 

------------------------------------
Input : 76
Output Layer output:
8.26598e-06 1 1.02661e-09 

------------------------------------
Input : 77
Output Layer output:
2.9308e-06 0.00852507 0.0206045 

------------------------------------
Input : 78
Output Layer output:
2.27614e-05 0.000109511 1.427e-05 

------------------------------------
Input : 79
Output Layer output:
0.00268057 0.999941 1.02704e-23 

------------------------------------
Input : 80
Output Layer output:
0.000241612 0.999993 7.03391e-14 

------------------------------------
Input : 81
Output Layer output:
0.000479542 1 5.00036e-17 

------------------------------------
Input : 82
Output Layer output:
0.000369968 0.928743 4.23293e-16 

------------------------------------
Input : 83
Output Layer output:
5.40466e-07 0.36813 1 

------------------------------------
Input : 84
Output Layer output:
2.01115e-05 7.67437e-11 0.698826 

------------------------------------
Input : 85
Output Layer output:
8.39551e-05 1.3928e-14 6.32539e-08 

------------------------------------
Input : 86
Output Layer output:
2.54743e-05 0.108383 4.81955e-11 

------------------------------------
Input : 87
Output Layer output:
1.12169e-05 1 1.40851e-08 

------------------------------------
Input : 88
Output Layer output:
0.000243633 5.11046e-07 9.13508e-12 

------------------------------------
Input : 89
Output Layer output:
8.27676e-05 0.716354 2.25998e-08 

------------------------------------
Input : 90
Output Layer output:
1.90527e-05 0.997215 0.000153807 

------------------------------------
Input : 91
Output Layer output:
2.45226e-05 0.00459076 2.11299e-07 

------------------------------------
Input : 92
Output Layer output:
0.000167783 0.999246 9.33787e-14 

------------------------------------
Input : 93
Output Layer output:
0.00177591 0.998263 1.87281e-17 

------------------------------------
Input : 94
Output Layer output:
6.06347e-05 0.0690912 7.64338e-08 

------------------------------------
Input : 95
Output Layer output:
0.000194459 0.000812518 8.33034e-13 

------------------------------------
Input : 96
Output Layer output:
0.000118567 0.00030098 2.01474e-10 

------------------------------------
Input : 97
Output Layer output:
0.000103309 0.840857 7.20838e-14 

------------------------------------
Input : 98
Output Layer output:
0.0123336 0.0011698 4.21822e-23 

------------------------------------
Input : 99
Output Layer output:
0.000143504 0.00420902 3.464e-11 

------------------------------------
Input : 100
Output Layer output:
8.43851e-09 2.39923e-22 1 

------------------------------------
Input : 101
Output Layer output:
2.61581e-07 1.6333e-08 1 

------------------------------------
Input : 102
Output Layer output:
2.14983e-08 0.000660874 1 

------------------------------------
Input : 103
Output Layer output:
7.08174e-08 0.00107413 1 

------------------------------------
Input : 104
Output Layer output:
1.89215e-08 6.37409e-11 1 

------------------------------------
Input : 105
Output Layer output:
9.84753e-10 0.999773 1 

------------------------------------
Input : 106
Output Layer output:
2.13496e-06 8.70553e-11 1 

------------------------------------
Input : 107
Output Layer output:
4.61785e-09 1 1 

------------------------------------
Input : 108
Output Layer output:
1.05985e-08 1 1 

------------------------------------
Input : 109
Output Layer output:
2.39896e-08 8.78414e-20 1 

------------------------------------
Input : 110
Output Layer output:
1.58201e-06 4.54375e-13 0.999992 

------------------------------------
Input : 111
Output Layer output:
1.49708e-07 0.00444892 1 

------------------------------------
Input : 112
Output Layer output:
1.23939e-07 6.48375e-08 1 

------------------------------------
Input : 113
Output Layer output:
1.79864e-07 1.46568e-08 1 

------------------------------------
Input : 114
Output Layer output:
1.33317e-07 3.9028e-20 1 

------------------------------------
Input : 115
Output Layer output:
3.07827e-07 5.34528e-19 1 

------------------------------------
Input : 116
Output Layer output:
1.79885e-07 0.000354583 1 

------------------------------------
Input : 117
Output Layer output:
5.86889e-09 1.62143e-10 1 

------------------------------------
Input : 118
Output Layer output:
4.943e-11 1 1 

------------------------------------
Input : 119
Output Layer output:
2.39388e-07 1 1 

------------------------------------
Input : 120
Output Layer output:
6.14969e-08 1.82917e-13 1 

------------------------------------
Input : 121
Output Layer output:
6.7354e-07 1.74233e-14 1 

------------------------------------
Input : 122
Output Layer output:
4.31328e-10 1 1 

------------------------------------
Input : 123
Output Layer output:
1.20782e-06 0.00149807 0.999981 

------------------------------------
Input : 124
Output Layer output:
1.06416e-07 1.50292e-12 1 

------------------------------------
Input : 125
Output Layer output:
4.61609e-08 0.884747 1 

------------------------------------
Input : 126
Output Layer output:
2.48216e-06 2.54668e-06 0.999591 

------------------------------------
Input : 127
Output Layer output:
2.57951e-06 8.2876e-10 0.999957 

------------------------------------
Input : 128
Output Layer output:
3.1384e-08 2.21372e-07 1 

------------------------------------
Input : 129
Output Layer output:
9.98403e-08 1 0.999931 

------------------------------------
Input : 130
Output Layer output:
8.06551e-09 1 1 

------------------------------------
Input : 131
Output Layer output:
4.35248e-08 2.90616e-06 1 

------------------------------------
Input : 132
Output Layer output:
2.58289e-08 2.16898e-09 1 

------------------------------------
Input : 133
Output Layer output:
1.0957e-06 0.996741 0.994638 

------------------------------------
Input : 134
Output Layer output:
5.449e-08 1 1 

------------------------------------
Input : 135
Output Layer output:
8.33364e-09 0.0170733 1 

------------------------------------
Input : 136
Output Layer output:
9.8627e-08 1.23472e-23 1 

------------------------------------
Input : 137
Output Layer output:
2.26263e-07 1.62058e-06 1 

------------------------------------
Input : 138
Output Layer output:
3.92708e-06 5.31583e-11 0.999845 

------------------------------------
Input : 139
Output Layer output:
2.93351e-07 3.69252e-09 1 

------------------------------------
Input : 140
Output Layer output:
5.31877e-08 7.4994e-16 1 

------------------------------------
Input : 141
Output Layer output:
8.66571e-07 1.8179e-14 1 

------------------------------------
Input : 142
Output Layer output:
2.61581e-07 1.6333e-08 1 

------------------------------------
Input : 143
Output Layer output:
2.14666e-08 2.28778e-13 1 

------------------------------------
Input : 144
Output Layer output:
4.88192e-08 1.38505e-20 1 

------------------------------------
Input : 145
Output Layer output:
3.41154e-07 5.51089e-14 1 

------------------------------------
Input : 146
Output Layer output:
3.33888e-07 0.0534753 1 

------------------------------------
Input : 147
Output Layer output:
5.31386e-07 1.7463e-09 1 

------------------------------------
Input : 148
Output Layer output:
2.98085e-07 3.00311e-23 1 

------------------------------------
Input : 149
Output Layer output:
8.39019e-07 1.78952e-10 1 

------------------------------------
Input : 0
Output Layer output:
0.999732 3.12493e-08 3.2936e-70 
CORRECT ANSWER :) 

------------------------------------
Input : 5
Output Layer output:
0.99958 5.57545e-15 1.62162e-68 
CORRECT ANSWER :) 

------------------------------------
Input : 10
Output Layer output:
0.999806 1.14473e-08 3.10832e-73 
CORRECT ANSWER :) 

------------------------------------
Input : 15
Output Layer output:
0.999972 1.94122e-21 1.42556e-78 
CORRECT ANSWER :) 

------------------------------------
Input : 20
Output Layer output:
0.998726 0.00445478 9.31583e-68 
CORRECT ANSWER :) 

------------------------------------
Input : 25
Output Layer output:
0.996573 0.750702 3.74485e-62 
CORRECT ANSWER :) 

------------------------------------
Input : 30
Output Layer output:
0.997075 0.00236954 6.08349e-61 
CORRECT ANSWER :) 

------------------------------------
Input : 35
Output Layer output:
0.999735 4.018e-05 5.99755e-70 
CORRECT ANSWER :) 

------------------------------------
Input : 40
Output Layer output:
0.999786 1.96388e-11 3.61177e-69 
CORRECT ANSWER :) 

------------------------------------
Input : 45
Output Layer output:
0.998201 0.00012137 1.14673e-61 
CORRECT ANSWER :) 

------------------------------------
Input : 50
Output Layer output:
5.16436e-05 0.984569 1.99135e-16 
CORRECT ANSWER :) 

------------------------------------
Input : 55
Output Layer output:
2.01412e-05 0.181561 5.70226e-05 
CORRECT ANSWER :) 

------------------------------------
Input : 60
Output Layer output:
0.000270878 1 5.61295e-12 
CORRECT ANSWER :) 

------------------------------------
Input : 65
Output Layer output:
0.000134984 0.388851 2.67032e-17 
CORRECT ANSWER :) 

------------------------------------
Input : 70
Output Layer output:
6.66782e-06 6.42715e-15 0.999412 
WRONG ANSWER :( 

------------------------------------
Input : 75
Output Layer output:
9.31813e-05 0.805856 1.64493e-15 
CORRECT ANSWER :) 

------------------------------------
Input : 80
Output Layer output:
0.000241612 0.999993 7.03391e-14 
CORRECT ANSWER :) 

------------------------------------
Input : 85
Output Layer output:
8.39551e-05 1.3928e-14 6.32539e-08 
WRONG ANSWER :( 

------------------------------------
Input : 90
Output Layer output:
1.90527e-05 0.997215 0.000153807 
CORRECT ANSWER :) 

------------------------------------
Input : 95
Output Layer output:
0.000194459 0.000812518 8.33034e-13 
CORRECT ANSWER :) 

------------------------------------
Input : 100
Output Layer output:
8.43851e-09 2.39923e-22 1 
CORRECT ANSWER :) 

------------------------------------
Input : 105
Output Layer output:
9.84753e-10 0.999773 1 
CORRECT ANSWER :) 

------------------------------------
Input : 110
Output Layer output:
1.58201e-06 4.54375e-13 0.999992 
CORRECT ANSWER :) 

------------------------------------
Input : 115
Output Layer output:
3.07827e-07 5.34528e-19 1 
CORRECT ANSWER :) 

------------------------------------
Input : 120
Output Layer output:
6.14969e-08 1.82917e-13 1 
CORRECT ANSWER :) 

------------------------------------
Input : 125
Output Layer output:
4.61609e-08 0.884747 1 
CORRECT ANSWER :) 

------------------------------------
Input : 130
Output Layer output:
8.06551e-09 1 1 
CORRECT ANSWER :) 

------------------------------------
Input : 135
Output Layer output:
8.33364e-09 0.0170733 1 
CORRECT ANSWER :) 

------------------------------------
Input : 140
Output Layer output:
5.31877e-08 7.4994e-16 1 
CORRECT ANSWER :) 

------------------------------------
Input : 145
Output Layer output:
3.41154e-07 5.51089e-14 1 
CORRECT ANSWER :) 

------------------------------------
Learn rate              : 0.1
momentum                : 0.8
Total correct           : 28
Total wrong             : 2
Number of iterations    : 500041
